-3.608125820755958557e-02
-3.177863731980323792e-02
-1.220392342656850815e-02
-6.482110358774662018e-03
-5.460123717784881592e-02
-5.199642479419708252e-02
-1.617962680757045746e-02
-4.011553525924682617e-02
-1.116564730182290077e-03
-7.650044746696949005e-03
1.783898100256919861e-02
-2.020585536956787109e-02
8.870546706020832062e-03
-3.608125075697898865e-02
-2.218968048691749573e-02
-1.878226362168788910e-02
-5.919919535517692566e-02
-6.367879104800522327e-04
-5.786721035838127136e-02
-8.113814517855644226e-03
-4.011552035808563232e-02
-1.699519716203212738e-02
-1.061316113919019699e-02
-1.945348829030990601e-02
-4.979906976222991943e-02
-2.170989476144313812e-02
-1.880917232483625412e-03
-2.218967862427234650e-02
