-1.699520088732242584e-02
-1.220399886369705200e-02
1.783892884850502014e-02
-5.786735564470291138e-02
-1.880945521406829357e-03
7.211627811193466187e-02
4.274699091911315918e-02
7.629183679819107056e-02
3.506762674078345299e-03
-8.018972352147102356e-03
-1.089839613996446133e-03
3.904270380735397339e-02
-7.287746295332908630e-03
-9.415327012538909912e-02
-6.252215057611465454e-02
1.049476396292448044e-02
-4.973084479570388794e-02
-5.163692310452461243e-02
-5.405056755989789963e-03
-8.514111861586570740e-03
-6.878941785544157028e-04
2.721849083900451660e-02
-3.189790248870849609e-02
2.974463161081075668e-03
-9.070475585758686066e-03
-2.376918680965900421e-03
2.143233548849821091e-03
1.375807356089353561e-02
-3.333094716072082520e-02
6.456075608730316162e-02
-2.310647815465927124e-02
1.347245834767818451e-02
-1.844971626996994019e-02
-2.697226405143737793e-02
-3.139026463031768799e-02
-5.019352585077285767e-02
1.556092873215675354e-02
1.576051861047744751e-02
-5.683742091059684753e-02
-3.869525715708732605e-02
-1.606147619895637035e-03
-6.136252731084823608e-02
-1.504652760922908783e-02
7.241500541567802429e-03
-4.337162524461746216e-02
-3.463948145508766174e-02
-7.004394661635160446e-03
2.831355296075344086e-02
1.338477013632655144e-03
1.944034546613693237e-02
6.608064868487417698e-04
-4.324009176343679428e-03
-8.695466443896293640e-03
-1.830478198826313019e-02
-3.066755644977092743e-02
2.761280629783868790e-03
-3.915624110959470272e-04
3.290319070219993591e-02
-7.160540670156478882e-02
-6.331079453229904175e-02
3.240933176130056381e-03
-5.072462558746337891e-02
3.764879889786243439e-03
-2.592222020030021667e-02
-8.064477704465389252e-03
-2.935994230210781097e-02
1.027320697903633118e-02
-4.009867087006568909e-02
-7.995757623575627804e-04
-6.432680878788232803e-03
-3.219874575734138489e-02
-3.255147114396095276e-02
-3.410584107041358948e-02
-2.321670949459075928e-02
7.052683085203170776e-02
4.901293199509382248e-03
-8.581698872148990631e-03
5.016574636101722717e-02
-2.581290155649185181e-02
4.510195576585829258e-04
1.208584988489747047e-03
2.085339650511741638e-02
-1.991345360875129700e-02
4.972496628761291504e-02
-1.629444584250450134e-02
-3.710335120558738708e-02
-3.986309282481670380e-03
6.385962665081024170e-02
1.096222642809152603e-02
2.859450876712799072e-02
-7.694274187088012695e-02
-5.967520177364349365e-02
-4.914229735732078552e-03
7.604403048753738403e-02
-1.190111413598060608e-02
3.813139162957668304e-03
-1.540449913591146469e-02
-1.170295476913452148e-02
-1.338351424783468246e-02
-4.348560795187950134e-02
-2.640213351696729660e-04
7.474992424249649048e-02
3.481357917189598083e-02
-3.576666861772537231e-02
-1.156628970056772232e-02
2.753581851720809937e-02
-5.912184133194386959e-04
3.788898140192031860e-02
-3.978062793612480164e-02
-1.245289575308561325e-02
9.641601354815065861e-04
-5.068860482424497604e-03
-4.578045383095741272e-02
-6.954231765121221542e-03
1.711377315223217010e-02
3.048036806285381317e-02
-8.381024003028869629e-03
2.792327478528022766e-02
-4.132655262947082520e-02
-7.275313837453722954e-04
1.523418468423187733e-03
1.994569040834903717e-02
-3.663537092506885529e-03
1.666794531047344208e-02
-9.452027268707752228e-03
2.290091291069984436e-02
-6.981577258557081223e-03
-5.802676826715469360e-02
2.260231040418148041e-02
-1.023450400680303574e-02
-3.325206041336059570e-02
-9.123008698225021362e-03
9.640492498874664307e-03
4.505571443587541580e-03
6.462778896093368530e-02
-2.131076529622077942e-02
-3.213537111878395081e-02
-7.217377424240112305e-03
5.483538657426834106e-02
-2.421558275818824768e-02
2.445034333504736423e-04
3.783192858099937439e-02
5.676481872797012329e-02
-1.319254096597433090e-02
-2.171711064875125885e-02
1.438486389815807343e-03
-5.904914066195487976e-02
-6.019476056098937988e-02
-2.883036620914936066e-02
-3.387532755732536316e-02
-1.466314494609832764e-02
-2.914614789187908173e-02
-1.931322179734706879e-02
2.131135948002338409e-02
-3.434704244136810303e-02
-5.072805099189281464e-03
-2.271530963480472565e-02
2.721297740936279297e-02
2.647009864449501038e-02
4.207498859614133835e-03
-2.765646018087863922e-02
-1.011872012168169022e-02
4.696098156273365021e-03
1.054642256349325180e-02
-9.526142850518226624e-03
-7.957758009433746338e-02
3.757395222783088684e-02
2.763965353369712830e-02
-4.154172912240028381e-02
4.792038816958665848e-03
1.535600749775767326e-04
-2.046418190002441406e-02
-2.143651712685823441e-03
-1.158168073743581772e-02
6.381591409444808960e-02
1.507166679948568344e-02
-1.233032811433076859e-02
-3.469942510128021240e-02
-1.294494327157735825e-02
-2.403781376779079437e-02
-5.560998991131782532e-02
-1.532728038728237152e-02
1.379751600325107574e-02
-1.991014555096626282e-02
-1.920154690742492676e-02
3.431144729256629944e-02
-2.032200247049331665e-02
-2.893956750631332397e-02
-3.425550181418657303e-03
-1.584103703498840332e-02
-2.168552763760089874e-02
-3.409479279071092606e-03
2.991840476170182228e-03
-4.601756855845451355e-02
-3.765099868178367615e-02
3.121430287137627602e-03
1.532386709004640579e-02
-4.044775292277336121e-02
-4.523318260908126831e-02
-4.304884001612663269e-02
-3.958032280206680298e-02
1.739226095378398895e-02
6.684640049934387207e-02
-5.392007902264595032e-02
1.909734494984149933e-02
-3.823181241750717163e-02
-2.923099324107170105e-02
-2.064128406345844269e-02
-5.298875737935304642e-03
1.938770990818738937e-03
1.640504412353038788e-02
-9.161451831459999084e-03
1.847268454730510712e-02
-8.030871860682964325e-03
-4.465003684163093567e-02
3.049407526850700378e-02
2.171924570575356483e-03
1.983003132045269012e-02
-8.868843317031860352e-03
2.306870184838771820e-02
2.097039297223091125e-02
-2.218051580712199211e-03
-1.701791770756244659e-02
2.374847978353500366e-02
-2.453767508268356323e-02
1.078361296094954014e-03
-2.923144586384296417e-02
2.629306633025407791e-03
-5.116305500268936157e-02
-1.458203792572021484e-02
1.189764705486595631e-03
-2.844999078661203384e-03
-3.084730729460716248e-02
-5.944550037384033203e-03
4.627776332199573517e-03
1.043949305312708020e-04
-7.398747652769088745e-02
-3.772324696183204651e-02
-1.913837157189846039e-02
-2.177407033741474152e-02
1.857623457908630371e-02
-1.676237210631370544e-02
4.821367189288139343e-02
-1.461133640259504318e-02
2.853511087596416473e-02
-1.088226959109306335e-02
3.395736590027809143e-02
-5.258009582757949829e-02
-3.897895291447639465e-02
1.296702679246664047e-02
-4.965796694159507751e-02
-1.484798174351453781e-02
2.438548207283020020e-02
6.118493899703025818e-02
-2.976992353796958923e-02
-1.927333138883113861e-02
-2.607423253357410431e-02
-5.757295712828636169e-02
-1.238636858761310577e-02
-2.878079004585742950e-02
-9.448953904211521149e-03
5.732830241322517395e-02
-2.167006395757198334e-02
-1.644044555723667145e-02
-4.713557660579681396e-02
-1.780093088746070862e-02
-7.863002270460128784e-02
4.565892741084098816e-03
-7.630379498004913330e-02
-4.091032966971397400e-02
-2.063894271850585938e-02
4.185301437973976135e-02
-2.336711622774600983e-02
-3.412857186049222946e-03
-5.492629110813140869e-02
4.314225912094116211e-02
5.475369468331336975e-02
-4.241815954446792603e-02
1.929523050785064697e-02
-1.429341174662113190e-02
-2.166947536170482635e-02
-9.699919028207659721e-04
-7.167285680770874023e-02
4.393883515149354935e-03
-7.175428327172994614e-03
-4.703984782099723816e-02
4.695963580161333084e-03
-5.782027542591094971e-02
-4.769976809620857239e-02
2.952489070594310760e-03
2.532022446393966675e-02
-1.999157480895519257e-02
3.438445180654525757e-02
-2.760577015578746796e-02
-9.041526354849338531e-03
-8.891581557691097260e-03
-2.569202892482280731e-02
1.329668611288070679e-02
-1.786415278911590576e-02
1.636111922562122345e-02
1.041080150753259659e-02
9.417456574738025665e-03
3.813895583152770996e-02
-1.479035336524248123e-02
-1.491749100387096405e-02
-2.838139608502388000e-02
-2.131705172359943390e-02
-6.229880265891551971e-03
4.042250290513038635e-02
6.689408421516418457e-02
-6.798628717660903931e-03
1.680161431431770325e-02
2.320154570043087006e-02
-7.151327561587095261e-03
-5.362377967685461044e-03
-5.566623806953430176e-02
-6.309583038091659546e-02
-2.109725400805473328e-02
-3.883640468120574951e-02
1.019761082716286182e-03
-3.810049500316381454e-03
6.517501175403594971e-02
3.187138959765434265e-02
-1.743541657924652100e-02
3.894730471074581146e-03
-4.860910028219223022e-02
-5.931333824992179871e-02
5.147971212863922119e-03
-1.847949437797069550e-02
-1.039437763392925262e-02
5.591709166765213013e-03
3.327726200222969055e-02
1.571458578109741211e-02
3.809940442442893982e-02
-2.086295932531356812e-02
-6.015387549996376038e-02
-7.511272560805082321e-03
-2.300967276096343994e-02
4.173589497804641724e-02
2.173423767089843750e-02
-1.914632320404052734e-02
-9.218951687216758728e-03
-1.915906369686126709e-02
-2.536361664533615112e-02
3.788689151406288147e-03
-6.759024690836668015e-03
3.738544508814811707e-02
-5.985612794756889343e-02
-2.426748722791671753e-02
-1.299091428518295288e-02
2.090066857635974884e-02
2.004072815179824829e-02
-2.134013548493385315e-02
-5.798642989248037338e-03
-3.493457660079002380e-02
-4.697420634329319000e-03
2.279363572597503662e-02
-3.238837420940399170e-02
1.120486948639154434e-02
-2.378835156559944153e-02
-2.721280558034777641e-03
-4.033415392041206360e-02
-3.960236907005310059e-02
3.688838332891464233e-02
7.622354198247194290e-03
6.901621073484420776e-02
-4.213974752929061651e-04
-4.120060801506042480e-02
-6.661524623632431030e-02
1.849029213190078735e-02
1.654944941401481628e-02
-1.006775815039873123e-02
-2.127764187753200531e-02
5.427051335573196411e-02
-7.142160087823867798e-02
-1.566579751670360565e-02
4.806029051542282104e-02
1.464454253436997533e-04
3.240301460027694702e-02
-8.612796664237976074e-03
2.430052310228347778e-02
-1.518732402473688126e-02
-1.780365966260433197e-02
-6.367276608943939209e-02
7.309680804610252380e-04
1.167254894971847534e-02
3.602933138608932495e-02
1.677019149065017700e-02
-3.222777694463729858e-02
-1.912287808954715729e-02
-1.306752022355794907e-02
-1.861323975026607513e-02
3.044750168919563293e-02
-4.040287435054779053e-02
-3.034654073417186737e-02
-3.792524803429841995e-03
-6.989911943674087524e-02
-1.083529181778430939e-02
-4.253277927637100220e-02
1.934343390166759491e-02
-2.100644819438457489e-02
-2.632096409797668457e-02
7.019758969545364380e-02
-6.257226224988698959e-03
3.670104965567588806e-02
1.566707901656627655e-02
6.841554492712020874e-02
3.221397846937179565e-02
-4.133861884474754333e-02
-1.651857164688408375e-04
-2.504573762416839600e-02
-1.644218713045120239e-02
-5.590854585170745850e-02
-4.030559957027435303e-02
9.395127184689044952e-03
-1.654932647943496704e-02
-2.069274336099624634e-02
-7.819981692591682076e-05
-1.490862388163805008e-02
-3.693873528391122818e-03
-2.286026813089847565e-02
1.442403998225927353e-02
-3.866550698876380920e-02
1.403825078159570694e-02
9.150733239948749542e-04
-1.473051495850086212e-02
-1.531642279587686062e-03
-2.074654586613178253e-02
-3.338505746796727180e-03
-4.800207912921905518e-02
4.731132648885250092e-03
-3.363983705639839172e-02
-7.108837366104125977e-03
-4.072219878435134888e-02
-4.647203162312507629e-02
-1.384623534977436066e-02
-7.209142670035362244e-03
-4.718536138534545898e-02
3.367155557498335838e-03
-4.255609959363937378e-02
5.701993126422166824e-03
-1.330411247909069061e-02
-7.235851883888244629e-02
1.183409150689840317e-02
4.775790031999349594e-03
-5.585102736949920654e-02
-2.918450534343719482e-02
5.188293755054473877e-03
-1.515325903892517090e-02
-2.210836112499237061e-02
2.909406833350658417e-02
-3.275623172521591187e-02
-4.693133290857076645e-03
-1.010842388495802879e-03
-2.183636277914047241e-02
-4.292830452322959900e-02
-4.420672543346881866e-03
2.002320066094398499e-02
-6.301738321781158447e-03
-1.110095810145139694e-02
-5.087437108159065247e-02
-2.324188128113746643e-02
-2.731560170650482178e-02
7.876487448811531067e-03
2.786512859165668488e-02
-2.647298388183116913e-02
-1.777454093098640442e-02
-4.009763896465301514e-02
3.158460604026913643e-03
6.720914691686630249e-02
2.030489780008792877e-02
2.824697270989418030e-02
-1.375571358948945999e-03
-5.216803774237632751e-02
3.191668912768363953e-02
8.547935634851455688e-02
-2.243118174374103546e-02
1.498725824058055878e-02
2.255649492144584656e-02
3.267460316419601440e-02
-9.220383130013942719e-03
-4.396784305572509766e-02
-7.345499005168676376e-03
3.972812369465827942e-02
-4.073030874133110046e-02
-9.632505476474761963e-03
-3.968667984008789062e-02
-2.647830173373222351e-02
4.705841094255447388e-02
1.765272021293640137e-02
9.864993393421173096e-03
-5.752022936940193176e-02
1.684337481856346130e-02
-3.367767669260501862e-03
-4.715315252542495728e-02
9.711909806355834007e-04
2.340382896363735199e-02
-3.383348509669303894e-02
-5.996800214052200317e-02
1.903534494340419769e-02
3.431953256949782372e-03
1.120312418788671494e-02
-1.732742786407470703e-02
-5.440226569771766663e-02
1.671130955219268799e-02
-6.191639974713325500e-02
-4.341688007116317749e-02
-3.669974207878112793e-02
1.080248132348060608e-02
-3.146083280444145203e-02
-3.966448456048965454e-02
-2.246388234198093414e-02
2.323514595627784729e-02
-2.841836400330066681e-02
-8.618092164397239685e-03
4.737020470201969147e-03
-2.037216536700725555e-02
-3.388514742255210876e-02
-4.541218280792236328e-02
6.027098372578620911e-02
-2.799775823950767517e-02
3.133506700396537781e-02
2.641644515097141266e-02
-8.410309255123138428e-02
5.262598861008882523e-03
-1.377343945205211639e-02
-6.837726570665836334e-03
5.467771552503108978e-03
4.317955672740936279e-02
1.492678537033498287e-03
-8.413084782660007477e-03
2.734611043706536293e-03
-4.968791827559471130e-02
-7.762192282825708389e-03
7.786450535058975220e-02
-1.456382870674133301e-02
-3.993045073002576828e-03
-5.977007560431957245e-03
3.679281845688819885e-02
4.748561233282089233e-02
3.823395073413848877e-02
2.089982386678457260e-03
1.025682035833597183e-02
8.185599744319915771e-02
1.340037561021745205e-03
-5.248472560197114944e-03
-2.527826651930809021e-02
-3.338034823536872864e-02
1.297765690833330154e-02
7.539871335029602051e-02
1.779092708602547646e-03
6.162696331739425659e-02
1.023126691579818726e-01
-1.012884173542261124e-02
-3.793032094836235046e-02
-1.613095588982105255e-02
-1.293198112398386002e-02
1.146183698438107967e-03
2.437615208327770233e-02
-8.825765922665596008e-03
6.369737908244132996e-03
-4.840962961316108704e-02
-3.183946385979652405e-02
-3.077444387599825859e-03
-3.267399966716766357e-02
-1.124218385666608810e-02
6.969065219163894653e-02
-2.480821497738361359e-02
-2.061965689063072205e-02
-3.644628822803497314e-02
-1.977901160717010498e-02
8.508496917784214020e-03
-2.063188329339027405e-02
1.367292832583189011e-02
3.839250281453132629e-02
-2.463734522461891174e-02
4.033635556697845459e-02
1.704576890915632248e-03
-3.723300620913505554e-02
1.382625475525856018e-02
-6.071890145540237427e-02
-8.267020806670188904e-03
3.286099061369895935e-02
3.890237957239151001e-02
-7.626816513948142529e-04
-1.405337080359458923e-02
-1.074505783617496490e-02
-4.488715156912803650e-02
-1.261479593813419342e-02
-5.462747812271118164e-02
-2.116657607257366180e-02
-7.364347402472048998e-05
-3.395579010248184204e-02
-5.268156901001930237e-02
3.627692814916372299e-03
2.110513299703598022e-02
8.327167481184005737e-03
-2.617059973999857903e-03
5.141058936715126038e-02
-3.915442153811454773e-02
-9.940206073224544525e-03
5.975384265184402466e-03
2.382383868098258972e-02
-3.338366001844406128e-02
-7.251619827002286911e-03
8.284490555524826050e-03
-2.786793559789657593e-02
2.446458488702774048e-02
5.383849516510963440e-02
-3.682730346918106079e-02
-1.513654924929141998e-02
-3.627687692642211914e-02
-5.146326962858438492e-03
2.651677094399929047e-02
-2.152130194008350372e-02
-3.056874684989452362e-02
-5.736367031931877136e-02
-2.671261876821517944e-02
2.639964967966079712e-02
-1.752683334052562714e-02
-4.030192643404006958e-02
-1.574236527085304260e-02
4.579981416463851929e-02
-3.021590970456600189e-02
2.872331999242305756e-02
-2.641297131776809692e-02
-9.974366053938865662e-03
-3.667202219367027283e-02
-3.716936334967613220e-02
-4.491182044148445129e-03
6.028316169977188110e-02
6.332996301352977753e-03
2.539597451686859131e-02
-6.531166285276412964e-02
-1.544433459639549255e-02
1.682435534894466400e-02
1.858718320727348328e-02
-6.973247230052947998e-02
-1.653496362268924713e-02
-1.632723398506641388e-02
-3.763902559876441956e-02
-1.405880413949489594e-02
7.806249894201755524e-03
-1.564723066985607147e-02
1.810005120933055878e-02
8.657708764076232910e-03
-4.261450469493865967e-02
-1.257880311459302902e-02
4.179990291595458984e-02
-3.089477121829986572e-02
1.970081031322479248e-02
6.847316026687622070e-02
-1.755488920025527477e-03
2.182309515774250031e-02
3.401644527912139893e-03
-1.516915764659643173e-02
1.665618643164634705e-02
3.662466304376721382e-03
1.143697742372751236e-02
-5.286820605397224426e-02
6.084588821977376938e-04
5.270130559802055359e-02
-2.782770060002803802e-02
8.843236137181520462e-04
-2.623505517840385437e-02
3.946912288665771484e-02
6.325486302375793457e-02
3.404943272471427917e-02
-2.410217933356761932e-02
-6.024430971592664719e-03
-2.640677616000175476e-02
3.125264123082160950e-02
-4.119856655597686768e-02
4.138852283358573914e-02
-1.541538722813129425e-02
-4.104570951312780380e-03
-9.923240169882774353e-03
-6.132376939058303833e-02
3.562609851360321045e-02
-4.225577786564826965e-02
1.447450928390026093e-02
-2.258217334747314453e-02
2.255393937230110168e-02
-2.594585716724395752e-02
-5.482672154903411865e-02
-1.404568552970886230e-02
-2.933048829436302185e-02
1.814738474786281586e-02
2.692971145734190941e-03
1.362347509711980820e-02
-2.786036767065525055e-02
6.496486067771911621e-02
1.649585366249084473e-02
1.173550728708505630e-02
-4.485740326344966888e-03
4.587681964039802551e-02
1.616841927170753479e-02
-2.150483801960945129e-02
-6.891505420207977295e-02
5.956193432211875916e-02
4.978243634104728699e-02
2.301424369215965271e-02
-2.480603381991386414e-02
4.611152037978172302e-02
1.702488027513027191e-02
3.713487647473812103e-03
9.007239714264869690e-03
-7.906504720449447632e-02
-6.910781841725111008e-03
7.510553300380706787e-02
-8.891211450099945068e-02
-3.507500514388084412e-02
-4.395369067788124084e-02
5.594206042587757111e-03
2.189082838594913483e-02
6.155968084931373596e-02
-2.964356914162635803e-02
-9.157463908195495605e-03
4.453491047024726868e-02
1.427739043720066547e-03
-9.230132563970983028e-04
-7.523825764656066895e-02
-5.382955074310302734e-03
1.021595206111669540e-02
2.106931060552597046e-02
3.697335952892899513e-03
-8.781270124018192291e-03
5.948642641305923462e-02
-1.195457065477967262e-03
3.481312096118927002e-02
-2.065938897430896759e-02
7.531425356864929199e-02
-1.206141337752342224e-02
-5.213960073888301849e-03
7.692984770983457565e-03
-3.096359316259622574e-03
-1.151517592370510101e-02
-1.304332818835973740e-02
-2.191331051290035248e-02
1.426357775926589966e-02
-4.348589573055505753e-03
5.178261548280715942e-03
-2.092478051781654358e-02
-9.503673762083053589e-02
-2.772627770900726318e-02
6.396500766277313232e-02
1.456035487353801727e-02
-2.564085833728313446e-02
-7.959831506013870239e-03
-1.583154499530792236e-02
-1.798974722623825073e-02
-7.790959440171718597e-03
-1.493535749614238739e-02
6.042456626892089844e-02
-1.064638141542673111e-02
-5.713604856282472610e-03
-2.990488335490226746e-02
8.091482333838939667e-03
-4.369840025901794434e-02
-4.515613615512847900e-02
4.511828720569610596e-02
-2.118060551583766937e-02
-5.520289763808250427e-02
5.638330243527889252e-03
-3.104139305651187897e-02
7.855013944208621979e-03
-1.261718850582838058e-02
-5.621286854147911072e-02
1.666452176868915558e-02
-2.486531622707843781e-02
-1.081818435341119766e-02
8.304961025714874268e-03
3.520541265606880188e-02
-5.174902454018592834e-02
-8.541042916476726532e-03
4.527993965893983841e-03
-3.477385500445961952e-03
3.328514751046895981e-03
1.195395551621913910e-02
1.124568469822406769e-02
5.938862636685371399e-02
2.053913660347461700e-02
-3.726954013109207153e-02
-3.968031704425811768e-02
-2.545000799000263214e-02
5.165411625057458878e-03
-1.821742276661098003e-03
3.785767778754234314e-02
-1.491650473326444626e-02
-1.806115731596946716e-02
4.082323238253593445e-02
-7.535638753324747086e-03
4.315016046166419983e-02
4.165607690811157227e-02
-4.318199679255485535e-02
-1.118800323456525803e-02
4.755836725234985352e-02
-2.212167950347065926e-03
-3.491720417514443398e-03
2.465082332491874695e-02
-8.189141750335693359e-03
3.793429816141724586e-03
8.005011477507650852e-04
1.138275116682052612e-02
-1.114436984062194824e-02
2.058644779026508331e-02
2.829326130449771881e-02
1.638602698221802711e-03
3.297760384157299995e-03
1.550171058624982834e-03
-5.137261003255844116e-03
-2.627632766962051392e-02
-2.477029338479042053e-02
-1.838132552802562714e-02
4.243943840265274048e-03
-1.419389154762029648e-02
3.160291537642478943e-02
2.279116772115230560e-02
1.499713119119405746e-02
1.669825613498687744e-02
2.098576352000236511e-02
2.111171931028366089e-02
1.344008278101682663e-02
1.369154779240489006e-03
-4.923210013657808304e-03
1.045685447752475739e-02
-1.293205562978982925e-02
3.099817223846912384e-02
-1.007226761430501938e-02
-4.254093766212463379e-02
-2.250178344547748566e-02
-2.333952486515045166e-02
-8.093730546534061432e-03
-2.410117723047733307e-02
-3.805452957749366760e-02
-2.928419783711433411e-02
-3.726435080170631409e-02
2.488018572330474854e-02
1.150564197450876236e-02
-3.528957813978195190e-02
4.056752845644950867e-02
1.059297844767570496e-02
-1.139471400529146194e-02
8.660044521093368530e-03
1.542043872177600861e-02
1.878442242741584778e-02
-3.735069185495376587e-02
-1.161265280097723007e-02
3.844224615022540092e-03
-2.739612478762865067e-03
8.465449325740337372e-03
-8.683633059263229370e-02
-9.075614623725414276e-03
-5.120150372385978699e-02
-3.884604200720787048e-02
9.308082051575183868e-03
8.400609344244003296e-02
-1.171905919909477234e-02
-5.064691975712776184e-02
-6.222703959792852402e-03
2.313768491148948669e-02
-2.364113554358482361e-02
-3.781121969223022461e-02
-4.689852893352508545e-02
-6.691706925630569458e-02
-1.663507148623466492e-02
-4.229441750794649124e-03
1.444684620946645737e-02
-4.109354224056005478e-03
-5.050418898463249207e-02
-5.825034528970718384e-02
-5.459265038371086121e-02
2.126382477581501007e-02
-3.722355514764785767e-02
1.011682674288749695e-02
-1.245211251080036163e-02
1.133646722882986069e-02
1.668164879083633423e-02
-4.163116589188575745e-02
7.633755356073379517e-02
-1.250215526670217514e-02
-1.385113690048456192e-02
1.264755614101886749e-02
-1.124315615743398666e-02
3.563882410526275635e-02
2.632079645991325378e-02
4.088839888572692871e-02
-3.925772011280059814e-02
-3.122732043266296387e-02
-2.724071592092514038e-02
5.772513803094625473e-03
2.693479182198643684e-03
6.990564614534378052e-02
-5.094591155648231506e-02
3.245262056589126587e-02
2.366930618882179260e-02
-1.934964093379676342e-04
-1.565923355519771576e-02
-6.812993902713060379e-03
2.843499928712844849e-02
-2.066321321763098240e-04
5.308733787387609482e-03
-2.346332743763923645e-02
-1.219102367758750916e-02
-2.774950116872787476e-02
2.818425558507442474e-02
-1.913291960954666138e-02
2.351087285205721855e-03
3.755893185734748840e-02
-5.922701954841613770e-02
7.969903759658336639e-03
-8.362446911633014679e-03
-6.488848477602005005e-03
-1.157253142446279526e-02
7.515580859035253525e-03
-3.895204886794090271e-02
-9.067094884812831879e-03
8.624990470707416534e-03
-5.736993253231048584e-02
-4.646183177828788757e-02
2.830219827592372894e-02
-1.313770003616809845e-02
2.920814417302608490e-02
4.126848280429840088e-02
-3.078692965209484100e-02
-2.031022496521472931e-02
-7.095345854759216309e-02
-2.678508125245571136e-02
-2.879785839468240738e-03
-2.227872610092163086e-02
-3.240954130887985229e-02
-2.533224411308765411e-02
3.634056821465492249e-02
-7.413221057504415512e-03
-1.539233420044183731e-02
3.840461745858192444e-02
5.159416049718856812e-02
2.560235746204853058e-02
-1.210865471512079239e-02
2.083782851696014404e-02
7.145860791206359863e-02
-3.456046432256698608e-02
-6.179136410355567932e-02
-1.934771798551082611e-02
-2.610672451555728912e-02
-2.147096022963523865e-02
8.653396740555763245e-03
-4.814218729734420776e-02
5.123335402458906174e-03
2.732972986996173859e-02
-7.638061419129371643e-03
2.512212283909320831e-02
3.015278466045856476e-02
1.641733199357986450e-02
-2.847753278911113739e-02
2.853202447295188904e-02
-4.882767330855131149e-03
-2.193435095250606537e-02
-2.306549437344074249e-02
-1.219213102012872696e-02
-2.044799365103244781e-02
-2.985917776823043823e-02
4.199479147791862488e-02
-2.647394686937332153e-02
-2.861765970010310411e-04
3.975420817732810974e-02
-2.567418664693832397e-02
-2.433693408966064453e-02
5.819467827677726746e-03
9.398448280990123749e-03
5.804628133773803711e-02
-1.848520128987729549e-03
-1.765042915940284729e-02
5.180975422263145447e-02
-8.559100097045302391e-04
-4.702611360698938370e-03
-4.442060366272926331e-03
-5.176296457648277283e-02
4.409428685903549194e-02
5.909036472439765930e-02
-3.371646627783775330e-02
-4.676606506109237671e-02
-1.744946837425231934e-02
4.232742637395858765e-02
6.491180509328842163e-02
-1.209148485213518143e-02
-3.520825132727622986e-02
-4.232829809188842773e-02
-5.143808573484420776e-02
-1.380264759063720703e-02
5.760273709893226624e-02
-3.528059646487236023e-02
1.063602231442928314e-02
2.160363271832466125e-02
-3.385335579514503479e-02
-8.232053369283676147e-03
2.971469983458518982e-02
3.358862549066543579e-02
-5.320808384567499161e-03
2.817438915371894836e-03
5.961731448769569397e-02
-1.161703839898109436e-03
2.044226974248886108e-02
8.781074546277523041e-03
4.678813368082046509e-02
4.220703616738319397e-03
-3.803370520472526550e-02
5.809345096349716187e-02
-1.516899466514587402e-02
-2.618558146059513092e-02
-2.757755806669592857e-03
-2.001369744539260864e-02
8.457568287849426270e-02
1.598777249455451965e-02
2.196209132671356201e-02
-1.764231733977794647e-02
1.946270349435508251e-03
-9.176657348871231079e-02
2.915687672793865204e-02
-2.511357143521308899e-02
-9.806450456380844116e-03
-9.885448962450027466e-03
-3.639758005738258362e-02
-3.714842349290847778e-02
1.210992131382226944e-02
-3.851201618090271950e-03
-1.494527515023946762e-02
-8.449433371424674988e-03
2.430401509627699852e-03
-3.618950769305229187e-02
6.948688626289367676e-02
-2.058702521026134491e-02
-3.992379084229469299e-02
-6.000628322362899780e-02
-2.562695555388927460e-02
-1.380146667361259460e-02
6.792610883712768555e-02
1.295445021241903305e-02
-3.264401853084564209e-02
6.587928533554077148e-02
-1.389900455251336098e-03
-4.530762881040573120e-02
-1.315100584179162979e-02
2.904371172189712524e-02
-1.476404629647731781e-02
