-3.608125448226928711e-02
-1.116546802222728729e-03
-5.919914320111274719e-02
-4.979913309216499329e-02
-5.199638381600379944e-02
6.764369457960128784e-02
1.145581435412168503e-02
-2.877277135848999023e-02
-2.441176399588584900e-02
4.689723998308181763e-02
1.609242986887693405e-03
3.747112303972244263e-02
5.575443152338266373e-03
-2.097560279071331024e-02
-1.130677293986082077e-02
1.948872022330760956e-02
-3.041088581085205078e-02
-1.318563334643840790e-02
-1.325931213796138763e-02
2.459395118057727814e-02
3.847242146730422974e-02
-3.977493941783905029e-02
3.710635006427764893e-02
-2.299907646374776959e-05
3.051270358264446259e-02
-2.227874472737312317e-02
-4.404792934656143188e-02
-6.283905357122421265e-03
-3.774768486618995667e-02
7.539481669664382935e-02
-2.528287097811698914e-02
2.398582408204674721e-03
-1.548543479293584824e-02
-2.139609493315219879e-02
-3.097083233296871185e-02
-6.628078222274780273e-02
-1.983629912137985229e-02
-2.354293875396251678e-02
-3.857151418924331665e-02
-2.265140414237976074e-02
-1.163557462859898806e-04
6.689940392971038818e-02
-2.429937943816184998e-02
6.851322483271360397e-03
-3.979874029755592346e-02
2.180175669491291046e-02
3.730489639565348625e-03
5.067447945475578308e-02
-6.721649784594774246e-03
-3.229232504963874817e-02
-6.029072776436805725e-02
3.316260874271392822e-02
-1.455572433769702911e-02
-6.091781426221132278e-03
-3.727826848626136780e-02
-2.929769828915596008e-02
-2.781278267502784729e-02
-4.019158333539962769e-02
-3.490712493658065796e-02
-3.998744115233421326e-02
5.606752354651689529e-03
3.237881883978843689e-02
-2.801671810448169708e-02
1.714601367712020874e-02
-3.144332021474838257e-02
-1.489540468901395798e-02
-1.507323980331420898e-02
-1.389327272772789001e-02
-1.438000984489917755e-02
-4.043332859873771667e-02
1.683025038801133633e-03
1.476812269538640976e-02
-5.785506218671798706e-02
-1.615613512694835663e-02
3.077672421932220459e-02
2.666923962533473969e-02
3.801751590799540281e-04
-5.443528294563293457e-02
4.668333102017641068e-03
-1.069149095565080643e-02
-4.160549864172935486e-02
1.138504780828952789e-02
6.205980665981769562e-03
2.457542344927787781e-02
2.165461331605911255e-02
-4.584975540637969971e-03
1.351517625153064728e-02
5.048299580812454224e-02
2.192471735179424286e-02
1.231872476637363434e-03
-1.970330439507961273e-02
1.041233539581298828e-02
7.935688830912113190e-03
3.361681476235389709e-02
-1.142764370888471603e-02
-2.194774104282259941e-03
-1.523516047745943069e-02
-2.080293139442801476e-03
-2.848254702985286713e-02
-8.624514564871788025e-03
2.001535519957542419e-02
5.278089269995689392e-02
3.339345753192901611e-02
-9.290473535656929016e-03
-1.642215624451637268e-02
4.486570879817008972e-02
-3.341864421963691711e-02
-3.984553366899490356e-02
-1.563828065991401672e-02
-2.669501118361949921e-02
-9.030827204696834087e-04
-1.312670065090060234e-03
-3.501047939062118530e-02
9.256952442228794098e-03
-2.106786705553531647e-03
-2.604168839752674103e-03
-9.274767711758613586e-03
2.607209235429763794e-02
-3.038758412003517151e-02
3.687095269560813904e-02
5.472262948751449585e-02
2.110265195369720459e-02
-7.039742171764373779e-02
3.351404517889022827e-02
-3.900349885225296021e-02
-1.005359832197427750e-02
6.530413776636123657e-02
-4.491630196571350098e-02
-4.391601309180259705e-02
1.061780750751495361e-02
3.043582290410995483e-02
7.476477883756160736e-03
-2.700966782867908478e-03
-3.488635411486029625e-03
2.148972265422344208e-02
-1.799074560403823853e-02
-2.907132916152477264e-02
1.173786353319883347e-02
5.457542464137077332e-02
-2.570927515625953674e-02
-1.762025244534015656e-02
6.106828898191452026e-02
6.902562826871871948e-02
-2.923395112156867981e-02
-3.373002400621771812e-03
-6.287644617259502411e-03
-1.698016934096813202e-02
-4.227728024125099182e-02
-2.137593179941177368e-02
-5.618438869714736938e-02
-8.508501574397087097e-03
2.062911540269851685e-02
-7.822941988706588745e-03
-1.571289449930191040e-02
1.581403426826000214e-02
-4.601873829960823059e-02
-2.080318517982959747e-02
2.094619208946824074e-03
2.631544368341565132e-03
-2.602955326437950134e-02
-1.870908960700035095e-02
-3.520125150680541992e-02
-6.081931665539741516e-02
2.544844150543212891e-02
2.107211761176586151e-02
-3.780660778284072876e-02
2.427773550152778625e-02
4.719275608658790588e-02
7.712042890489101410e-03
6.269226316362619400e-03
3.891763743013143539e-03
2.872589975595474243e-02
-4.000473394989967346e-02
1.481681392760947347e-04
4.214622452855110168e-02
-3.349201381206512451e-02
1.176694408059120178e-02
2.813867293298244476e-02
-3.873971849679946899e-02
-5.413339287042617798e-02
-1.032446045428514481e-02
-4.265147075057029724e-02
-4.201511293649673462e-02
-3.056707046926021576e-02
-2.667140960693359375e-02
2.650485141202807426e-03
-2.587107941508293152e-02
-6.636053323745727539e-02
7.655687630176544189e-03
-3.087457828223705292e-02
-5.521406233310699463e-02
-4.342278931289911270e-03
4.083143081516027451e-03
-6.299559026956558228e-02
-5.180650204420089722e-02
2.556626684963703156e-02
2.828598022460937500e-02
-3.357867151498794556e-02
1.761785475537180901e-03
-1.812581531703472137e-02
-5.780967697501182556e-02
1.910060085356235504e-02
5.018775537610054016e-02
-5.546613037586212158e-02
8.624718524515628815e-03
-1.975902542471885681e-02
-5.206229165196418762e-02
2.675228565931320190e-02
1.425544172525405884e-02
2.142637502402067184e-03
-6.430378649383783340e-03
-1.614840328693389893e-02
1.238290220499038696e-02
-7.882458716630935669e-02
-6.936221616342663765e-04
7.828889414668083191e-03
1.978630386292934418e-02
-5.926251411437988281e-02
-3.753491118550300598e-02
-3.375343605875968933e-02
2.139288932085037231e-02
-1.894358545541763306e-02
-3.158367238938808441e-03
-3.937198966741561890e-02
-6.048449501395225525e-02
1.161848381161689758e-02
1.335388608276844025e-02
-3.907875344157218933e-02
1.954071037471294403e-02
5.998129025101661682e-03
4.192768596112728119e-03
-6.846034526824951172e-02
-2.489143423736095428e-02
1.797492802143096924e-02
1.499628368765115738e-02
5.317118763923645020e-02
-9.621186554431915283e-02
-1.761825196444988251e-02
-4.037649556994438171e-02
-2.844437025487422943e-02
2.468729577958583832e-02
-1.157166995108127594e-02
1.872046291828155518e-02
2.086979709565639496e-02
1.918328180909156799e-02
4.376540705561637878e-02
2.040637098252773285e-02
-6.396728008985519409e-02
2.890153974294662476e-02
-4.283695016056299210e-03
-4.731047432869672775e-03
-4.500597342848777771e-02
1.338023971766233444e-02
3.923494368791580200e-02
-5.948097631335258484e-02
-4.496340081095695496e-02
-6.391427665948867798e-02
-7.360794395208358765e-02
-1.374405622482299805e-02
-3.307542577385902405e-02
5.118320882320404053e-02
4.837067797780036926e-02
-1.601116545498371124e-02
-6.530053215101361275e-04
-4.094967246055603027e-02
2.693893760442733765e-02
-5.354659259319305420e-02
-1.274068467319011688e-02
-4.950112104415893555e-02
2.417166531085968018e-02
-1.844926155172288418e-03
-1.723993569612503052e-02
-3.203290048986673355e-03
-7.945714518427848816e-03
-5.749178305268287659e-02
4.288047179579734802e-02
9.971832856535911560e-03
5.790859460830688477e-03
3.726746886968612671e-02
2.266510622575879097e-03
-5.802923813462257385e-03
3.073849715292453766e-02
-7.871551066637039185e-02
-6.994037888944149017e-03
-1.841580495238304138e-02
-2.855376154184341431e-02
1.951371505856513977e-02
-4.098669812083244324e-02
-3.690992668271064758e-02
-1.252343785017728806e-02
-5.777982063591480255e-03
-4.459688067436218262e-02
4.127321764826774597e-02
-3.449586033821105957e-02
2.666514925658702850e-02
-1.448400877416133881e-02
-2.039026934653520584e-03
7.312771864235401154e-03
-2.188485523220151663e-04
-1.259083859622478485e-02
1.376092527061700821e-02
-1.959851197898387909e-02
1.065275631844997406e-02
-9.821119718253612518e-03
-1.330822613090276718e-02
-5.275628343224525452e-02
-2.357663027942180634e-02
-1.912987232208251953e-02
2.531590498983860016e-02
3.289851173758506775e-02
-3.665458410978317261e-02
-2.861209213733673096e-02
3.782639512792229652e-03
6.083632819354534149e-03
1.511563314124941826e-03
3.298046067357063293e-02
-1.789231784641742706e-02
1.184911467134952545e-02
1.743524218909442425e-03
-1.428634393960237503e-02
-1.518612168729305267e-02
6.766000390052795410e-02
3.740924643352627754e-03
-3.759198635816574097e-02
-1.347146742045879364e-02
-2.717502042651176453e-02
-6.243617460131645203e-02
3.322353586554527283e-03
-1.263526547700166702e-02
6.628491450101137161e-03
3.953455388545989990e-02
6.916579604148864746e-02
-5.590450018644332886e-03
2.164685167372226715e-02
-2.778235636651515961e-02
-7.982300966978073120e-02
-1.026800274848937988e-02
-3.889382118359208107e-03
3.347256034612655640e-02
1.591712981462478638e-02
2.477244660258293152e-02
-1.018298062263056636e-04
-6.505924742668867111e-03
-6.884108763188123703e-03
-2.163560688495635986e-02
2.377751749008893967e-03
1.187540963292121887e-02
-5.990584567189216614e-02
3.253413364291191101e-02
-5.600827932357788086e-02
1.767054013907909393e-02
1.977311260998249054e-02
-1.323389913886785507e-02
9.267331101000308990e-03
7.504857610911130905e-03
5.082036554813385010e-02
3.579438850283622742e-02
-3.822153061628341675e-02
2.123544365167617798e-02
-3.158741816878318787e-02
-8.929294534027576447e-03
-7.446275558322668076e-03
-2.011676877737045288e-02
1.964300312101840973e-02
-2.521261386573314667e-02
3.355387225747108459e-02
-2.818998880684375763e-02
-3.509013680741190910e-03
-1.853344589471817017e-02
-5.828588269650936127e-03
1.511137373745441437e-02
3.735075145959854126e-02
-2.718091709539294243e-03
3.182347118854522705e-02
-5.421587824821472168e-02
-4.107563570141792297e-02
1.205954886972904205e-02
2.078641951084136963e-02
-3.192245215177536011e-02
-1.046862546354532242e-02
4.235675930976867676e-02
-3.355991095304489136e-02
-3.619708493351936340e-02
-5.347706377506256104e-02
8.435457944869995117e-03
-3.401466831564903259e-02
6.445967406034469604e-02
-2.437068847939372063e-03
-1.695778407156467438e-02
-1.492573786526918411e-02
-5.047726910561323166e-03
2.261128090322017670e-02
5.537154152989387512e-02
-5.988660454750061035e-02
-2.047145366668701172e-02
-2.723895385861396790e-02
-6.668026745319366455e-02
-2.761663310229778290e-02
-4.136054590344429016e-02
3.453330695629119873e-02
-2.769785001873970032e-02
1.479240017943084240e-03
3.842736780643463135e-02
-4.057854041457176208e-02
-3.298004856333136559e-03
-2.065345644950866699e-02
7.080811262130737305e-02
6.151738762855529785e-02
1.125492900609970093e-02
-6.435945630073547363e-03
1.818253286182880402e-02
-3.896605595946311951e-02
-3.903372213244438171e-02
-1.871142722666263580e-02
-2.999305725097656250e-02
-3.467998001724481583e-03
-3.770785406231880188e-02
-2.898835344240069389e-03
9.455617146159056574e-06
-2.472152933478355408e-02
-1.052742125466465950e-03
1.153555512428283691e-02
6.946905050426721573e-03
5.498655606061220169e-03
-3.191286697983741760e-02
-6.695596035569906235e-03
-8.975418284535408020e-03
-3.858037665486335754e-02
4.708547145128250122e-02
2.112991362810134888e-02
1.289797294884920120e-02
-8.069535717368125916e-03
4.479145631194114685e-03
-2.127642370760440826e-02
2.516369521617889404e-02
4.813474789261817932e-02
-2.723570913076400757e-02
-6.491746753454208374e-02
2.207693457603454590e-02
-4.568119347095489502e-02
-4.586358368396759033e-02
-2.189521491527557373e-02
-4.931048676371574402e-02
-2.559912949800491333e-02
1.364660263061523438e-02
-4.166259989142417908e-02
-2.056200243532657623e-02
2.680732868611812592e-02
-5.912241339683532715e-02
-1.714256592094898224e-02
9.847016073763370514e-03
-4.758043587207794189e-02
-8.136726915836334229e-03
-4.546155780553817749e-02
-7.766933739185333252e-02
-2.248696237802505493e-02
2.377273142337799072e-02
-2.971797250211238861e-02
-3.037982806563377380e-02
1.361721567809581757e-02
-4.785728454589843750e-02
-3.112343139946460724e-02
-1.014957111328840256e-02
5.424398463219404221e-03
1.215474493801593781e-02
3.029165416955947876e-02
1.509352354332804680e-03
9.197151288390159607e-03
1.435999572277069092e-02
8.515860885381698608e-02
4.320455342531204224e-02
2.454082667827606201e-02
-1.276240404695272446e-02
-2.537369541823863983e-02
-1.575095020234584808e-02
9.247411042451858521e-02
-7.098596543073654175e-03
1.748921163380146027e-02
-2.488949336111545563e-02
7.210787385702133179e-02
-4.555658623576164246e-02
4.645803570747375488e-02
-4.179202020168304443e-02
1.413354557007551193e-02
-5.925726518034934998e-02
-6.883813440799713135e-02
-2.833904325962066650e-02
-2.779961749911308289e-02
6.322348117828369141e-02
1.509300339967012405e-02
-4.559398442506790161e-02
-1.023818403482437134e-01
-7.663465104997158051e-03
-1.602961681783199310e-02
-2.144706249237060547e-02
-4.128813743591308594e-02
3.426144644618034363e-02
-3.147723898291587830e-02
-3.859512135386466980e-02
-1.327324775047600269e-03
-1.858865655958652496e-02
1.874294364824891090e-03
-3.206987306475639343e-02
-4.869900643825531006e-03
-3.150769695639610291e-02
-6.054837256669998169e-02
1.053489651530981064e-02
-2.562903240323066711e-02
9.184019640088081360e-03
-2.170663699507713318e-02
2.919867821037769318e-02
-2.351403050124645233e-02
9.350633248686790466e-03
-1.217163726687431335e-02
-2.760972827672958374e-02
-9.041944518685340881e-03
-7.505738176405429840e-04
1.590445823967456818e-02
-4.764939472079277039e-02
3.844112902879714966e-02
-1.933600939810276031e-02
-1.326755620539188385e-02
-1.309365406632423401e-02
-5.536752194166183472e-02
-3.438322991132736206e-02
-1.175992842763662338e-02
6.780688650906085968e-03
-1.676614023745059967e-02
5.886838585138320923e-02
-2.764203026890754700e-02
1.131770294159650803e-02
-2.899939380586147308e-02
-2.145687863230705261e-02
-5.169626325368881226e-02
9.483096003532409668e-02
-8.048735558986663818e-03
3.993438556790351868e-02
-1.796700060367584229e-03
3.486756701022386551e-03
6.352093815803527832e-02
1.166684087365865707e-02
-3.570932894945144653e-02
-1.512780599296092987e-02
9.120462089776992798e-02
-1.268301159143447876e-02
1.842367276549339294e-02
1.584482961334288120e-03
-3.784970566630363464e-02
5.274780094623565674e-02
9.021736681461334229e-03
9.022227604873478413e-04
-9.889842011034488678e-03
4.134937375783920288e-02
-4.998628050088882446e-02
-2.347839809954166412e-02
1.249736174941062927e-03
-6.730152294039726257e-03
-1.381761953234672546e-02
2.098819240927696228e-02
-2.681654132902622223e-02
-2.153106965124607086e-03
-5.836262926459312439e-02
-3.667383641004562378e-02
-1.703293249011039734e-02
-4.549860581755638123e-02
-2.286403812468051910e-02
5.936988443136215210e-02
-3.356306999921798706e-02
-1.211769413203001022e-02
-1.209826208651065826e-02
-6.147849932312965393e-02
4.708132473751902580e-04
-2.341516502201557159e-02
-1.791490428149700165e-02
-6.208983715623617172e-03
1.542859058827161789e-02
3.126274421811103821e-02
2.438819594681262970e-02
-5.174798890948295593e-03
-3.545981366187334061e-03
-9.678187780082225800e-03
2.463867142796516418e-02
4.651558399200439453e-02
1.062651164829730988e-02
-1.982550881803035736e-02
-5.942971445620059967e-03
-3.390325233340263367e-02
-2.466519549489021301e-02
2.749616280198097229e-02
3.691093623638153076e-02
-1.350664719939231873e-02
-8.054600097239017487e-03
-3.692970378324389458e-03
3.602459561079740524e-03
3.303934819996356964e-03
4.389535635709762573e-02
2.914755977690219879e-02
1.770034432411193848e-02
1.264655776321887970e-02
-4.201978072524070740e-02
5.427213385701179504e-03
1.916781440377235413e-02
-1.636035856790840626e-03
-1.429108437150716782e-02
2.221873216331005096e-02
7.155521959066390991e-02
-1.053617708384990692e-02
2.026390843093395233e-02
6.298039108514785767e-02
2.592224441468715668e-02
2.090152539312839508e-02
-1.370929740369319916e-02
-1.891196891665458679e-02
1.146386843174695969e-02
4.523267969489097595e-03
4.411843547131866217e-04
-1.026602927595376968e-02
3.606559708714485168e-03
8.519137278199195862e-03
-6.344402791000902653e-04
7.717723958194255829e-03
-5.000562593340873718e-02
4.648113623261451721e-02
1.943060941994190216e-02
1.564038917422294617e-02
-2.056284807622432709e-02
1.154035213403403759e-03
-1.555112376809120178e-02
-1.937914453446865082e-02
-2.571641467511653900e-02
4.544128105044364929e-02
-2.114265784621238708e-02
4.713337868452072144e-02
-3.518043830990791321e-02
-4.977176710963249207e-02
-3.746763570234179497e-03
-1.312461402267217636e-02
-1.916555874049663544e-02
1.077662874013185501e-02
-3.525445982813835144e-02
-6.198265030980110168e-02
-2.697254158556461334e-02
1.199663747684098780e-04
9.906010702252388000e-03
3.821494802832603455e-02
7.542277686297893524e-03
-1.458578277379274368e-02
8.158004842698574066e-03
5.298091098666191101e-02
3.037334419786930084e-03
9.969988837838172913e-03
8.821112662553787231e-02
2.491937577724456787e-02
7.932570762932300568e-03
-1.366131845861673355e-02
-1.425880752503871918e-02
-6.040615960955619812e-03
-2.357173524796962738e-02
3.282631933689117432e-02
-1.153955981135368347e-02
1.002972573041915894e-02
4.526861757040023804e-02
-1.789323613047599792e-02
2.986803650856018066e-02
-1.661235280334949493e-02
1.484167668968439102e-02
5.142752453684806824e-02
1.171461865305900574e-02
-3.428661450743675232e-02
-4.104336723685264587e-02
1.551244687288999557e-02
-1.337299030274152756e-02
4.919768497347831726e-02
1.646097004413604736e-02
2.824794687330722809e-02
3.420654311776161194e-02
-8.051776327192783356e-03
-1.439793966710567474e-02
8.097401820123195648e-03
4.282829817384481430e-03
-9.114826098084449768e-03
-2.107752021402120590e-03
-5.516178533434867859e-02
-6.712858378887176514e-02
-2.099180780351161957e-02
1.623970456421375275e-02
-5.078292638063430786e-02
-2.728714048862457275e-02
-4.211312904953956604e-02
1.683195680379867554e-02
-3.674341365694999695e-02
7.644591480493545532e-02
1.757658272981643677e-02
1.400715019553899765e-02
-2.542179822921752930e-02
5.174311622977256775e-02
2.177965827286243439e-02
-6.832729559391736984e-03
-3.658705949783325195e-02
1.829927973449230194e-02
-2.516741864383220673e-03
-6.395261734724044800e-03
1.051603630185127258e-02
2.520482987165451050e-02
-2.836040779948234558e-02
-7.209795713424682617e-02
7.057368755340576172e-03
-3.431978449225425720e-02
-2.734361961483955383e-02
8.976943045854568481e-02
-9.118553251028060913e-02
1.294479798525571823e-02
-4.082026705145835876e-02
-2.132508158683776855e-02
2.496293000876903534e-02
4.341390449553728104e-03
-6.202907767146825790e-03
-7.925689220428466797e-03
-1.145492680370807648e-02
-6.002318579703569412e-03
1.690664142370223999e-02
-8.452999591827392578e-02
-2.162353321909904480e-02
-1.330389361828565598e-02
1.060287468135356903e-02
8.929405361413955688e-03
-4.166526719927787781e-02
7.828234136104583740e-02
-4.090727865695953369e-02
1.892641745507717133e-02
-3.757390379905700684e-02
8.219900727272033691e-02
5.740295629948377609e-03
-2.848151139914989471e-02
1.773693785071372986e-02
-5.474039167165756226e-02
-1.243368629366159439e-02
3.422019258141517639e-02
3.002783923875540495e-04
3.770410642027854919e-02
2.836864069104194641e-02
-3.538537025451660156e-02
2.887114696204662323e-02
-3.823784366250038147e-02
8.682711981236934662e-03
7.263947278261184692e-02
6.417614966630935669e-02
2.593045122921466827e-03
-1.454251818358898163e-02
-1.657902635633945465e-02
-8.309725672006607056e-03
6.355851422995328903e-03
-2.245252765715122223e-02
-4.417164018377661705e-04
4.807856865227222443e-03
-4.829930886626243591e-02
-4.518140479922294617e-02
2.971145324409008026e-02
1.529981475323438644e-02
-1.954003609716892242e-02
5.578079819679260254e-02
-4.127544164657592773e-02
-6.054842844605445862e-02
-2.429249137639999390e-02
-3.317488357424736023e-02
1.944466494023799896e-02
-4.566671326756477356e-02
-4.831527918577194214e-02
2.889750152826309204e-02
1.040287502110004425e-02
-5.688781663775444031e-02
-7.257737219333648682e-03
6.490556150674819946e-02
8.097806014120578766e-03
-8.655848912894725800e-03
1.859872951172292233e-03
-2.698146365582942963e-02
3.023559041321277618e-02
-1.810108125209808350e-02
2.473568543791770935e-02
2.551805973052978516e-02
2.492723241448402405e-02
-3.565547615289688110e-02
9.702562354505062103e-03
-4.113495349884033203e-02
-1.118145138025283813e-02
1.411604136228561401e-02
-3.114105015993118286e-02
-1.135722501203417778e-03
-3.702196478843688965e-02
1.085134106688201427e-03
-4.452709108591079712e-03
3.417905047535896301e-02
7.810255885124206543e-02
7.533200550824403763e-03
2.588307717815041542e-03
1.007736101746559143e-01
-6.533146835863590240e-03
-9.389081969857215881e-03
3.895588219165802002e-02
-3.387561766430735588e-03
-1.481947582215070724e-02
-2.859494090080261230e-02
-9.701061993837356567e-03
2.041514776647090912e-02
-3.720894828438758850e-02
3.217717260122299194e-02
-2.742386609315872192e-02
1.209910772740840912e-02
-3.155923634767532349e-02
-4.540664609521627426e-03
-1.499683037400245667e-02
1.247785636223852634e-03
-4.403042420744895935e-02
-1.352621056139469147e-02
4.569447413086891174e-02
1.125029567629098892e-02
5.223543848842382431e-03
4.471199214458465576e-02
6.782691460102796555e-03
1.052228175103664398e-02
3.620954602956771851e-02
1.703506708145141602e-02
7.172889541834592819e-03
-2.431474812328815460e-02
-5.032505374401807785e-03
-6.742410478182137012e-04
2.860528044402599335e-02
1.668238826096057892e-02
-1.796452561393380165e-03
-1.291906461119651794e-02
-4.154951125383377075e-02
-2.990142442286014557e-02
-3.608188824728131294e-03
1.306802872568368912e-02
-4.155542328953742981e-02
-2.090264298021793365e-02
3.252043155953288078e-03
1.065116724930703640e-03
-3.507322072982788086e-02
2.795863337814807892e-02
4.565408453345298767e-02
-5.020339041948318481e-03
-1.963792368769645691e-02
7.502731401473283768e-03
-1.478417107136920094e-04
-9.555402211844921112e-03
1.497570425271987915e-02
1.393836364150047302e-02
2.264933846890926361e-02
1.323464978486299515e-02
-1.586472429335117340e-02
3.171973675489425659e-02
-9.351979009807109833e-03
-4.202302172780036926e-02
2.783529832959175110e-02
7.382635027170181274e-02
2.224128320813179016e-02
-4.148565232753753662e-02
-5.134863778948783875e-02
-6.572292768396437168e-04
3.148468956351280212e-02
2.659049257636070251e-02
-1.718498766422271729e-02
-5.539998412132263184e-02
5.475611425936222076e-03
-1.907060481607913971e-02
-1.429721123713534325e-05
-1.642491668462753296e-02
7.410508114844560623e-03
-6.309206038713455200e-02
-2.550003817304968834e-03
4.225981980562210083e-02
-2.268590405583381653e-02
3.499073162674903870e-02
2.459664829075336456e-02
3.116444498300552368e-02
3.470511734485626221e-02
-6.850263476371765137e-02
4.132473841309547424e-02
-8.975974284112453461e-03
-1.723590679466724396e-02
-1.537457719678059220e-04
-6.694939918816089630e-03
7.594120106659829617e-04
1.374808023683726788e-03
1.748953200876712799e-02
-3.802108392119407654e-02
1.475232094526290894e-02
-3.640817850828170776e-02
1.785813830792903900e-02
2.025432512164115906e-02
6.582500040531158447e-02
-9.934976696968078613e-03
3.079364821314811707e-02
6.045017391443252563e-02
1.543451193720102310e-02
-2.251951955258846283e-03
-2.035138197243213654e-02
-3.328615799546241760e-02
-1.218518987298011780e-02
1.919937878847122192e-02
-3.501926735043525696e-02
-2.850256673991680145e-02
-1.586410216987133026e-02
3.973620384931564331e-02
4.488911872613243759e-05
2.873553521931171417e-02
2.909340150654315948e-02
-4.725448414683341980e-02
-3.276018053293228149e-02
1.237301249057054520e-02
-2.405220083892345428e-02
5.285580083727836609e-02
1.129427272826433182e-02
-1.382158254273235798e-03
3.661657869815826416e-02
2.146186679601669312e-02
-6.138101592659950256e-02
-3.414452075958251953e-02
-2.098533697426319122e-02
5.776767432689666748e-02
1.581020653247833252e-02
9.127055294811725616e-03
-7.027621846646070480e-03
1.283361343666911125e-03
-4.264058917760848999e-02
-1.504738163203001022e-02
-7.277058903127908707e-03
-5.048303399235010147e-03
2.560672909021377563e-02
-2.206640085205435753e-03
7.847774773836135864e-02
-4.592246841639280319e-03
-4.885713756084442139e-02
7.728447765111923218e-02
2.279157005250453949e-02
1.581698469817638397e-02
6.927768699824810028e-03
-8.076365105807781219e-03
6.340174376964569092e-02
-3.570400550961494446e-02
-6.435073167085647583e-02
-4.066197574138641357e-02
-9.145681746304035187e-03
-4.360444843769073486e-03
1.436607073992490768e-02
-4.362370073795318604e-02
1.372142345644533634e-03
-4.242501745466142893e-04
-1.795586897060275078e-03
1.359865069389343262e-02
2.466865070164203644e-02
-6.291595287621021271e-03
-2.956763282418251038e-02
-6.082078907638788223e-03
-3.780651837587356567e-02
1.824897341430187225e-02
9.938613511621952057e-03
2.532081119716167450e-02
-1.257902104407548904e-02
-8.857510983943939209e-03
2.182720601558685303e-02
-5.614076182246208191e-02
1.093910913914442062e-02
7.351665757596492767e-03
-5.487764626741409302e-02
-1.254562288522720337e-02
-4.421332851052284241e-02
3.463762113824486732e-03
7.644198089838027954e-02
-3.405684232711791992e-02
1.162603404372930527e-02
3.501232340931892395e-02
5.270129069685935974e-03
-2.500807680189609528e-02
-1.810727524571120739e-03
-2.697999216616153717e-02
8.194185793399810791e-02
9.957306832075119019e-02
-2.077799476683139801e-02
-1.375870686024427414e-02
-1.117552910000085831e-02
-9.148850105702877045e-03
1.633928157389163971e-02
-6.772644072771072388e-02
-2.394169382750988007e-02
-2.062437124550342560e-02
-1.358050573617219925e-02
-3.077727369964122772e-02
8.680614829063415527e-02
2.397546544671058655e-03
4.993841052055358887e-03
5.969200283288955688e-02
-2.174284495413303375e-02
2.907808404415845871e-03
2.717760019004344940e-02
2.207749150693416595e-02
6.785762496292591095e-03
-6.842498667538166046e-03
5.585620552301406860e-02
3.250519931316375732e-02
3.242160752415657043e-02
-1.723013236187398434e-03
5.952792987227439880e-02
9.836185723543167114e-03
-2.701091766357421875e-02
3.435286134481430054e-02
-1.697553135454654694e-02
-3.605487989261746407e-03
-1.927518658339977264e-02
-1.720049418509006500e-02
7.640310376882553101e-02
-4.902360495179891586e-03
-5.858521326445043087e-04
-2.002128958702087402e-02
-8.775455877184867859e-03
-5.259169731289148331e-03
6.590684875845909119e-03
-3.885757923126220703e-02
4.386487416923046112e-03
-2.883082441985607147e-02
-6.054038554430007935e-02
-5.008790269494056702e-02
3.249735385179519653e-02
-4.837207030504941940e-03
-2.075795643031597137e-02
2.384276362136006355e-03
6.831835955381393433e-03
-1.720534078776836395e-02
2.069108001887798309e-02
1.865614950656890869e-02
6.145998369902372360e-03
-4.292668402194976807e-02
9.137419401668012142e-04
-4.954826831817626953e-02
5.865544453263282776e-02
-1.413190271705389023e-02
-1.937410049140453339e-02
3.709431039169430733e-03
-1.685035414993762970e-03
-7.115074433386325836e-03
-3.277830313891172409e-03
2.776561863720417023e-02
1.400534622371196747e-02
